0 80 10 80 30 30 30 40 60 90 80 80 80 80 50 40 50 20 80 90
80 0 80 80 80 80 80 80 80 80 80 80 80 90 90 90 80 60 20 10
10 80 0 70 10 50 50 30 30 80 80 80 60 40 30 40 30 90 80 90
80 80 70 0 80 30 50 50 50 80 80 10 30 30 60 40 60 20 50 90
30 80 10 80 0 30 20 30 40 40 60 60 60 60 40 60 60 30 70 90
30 80 50 30 30 0 40 10 60 80 80 40 70 70 60 70 70 20 80 90
30 80 50 50 20 40 0 40 70 80 80 80 80 70 70 80 60 40 90 90
40 80 30 50 30 10 40 0 60 80 80 30 80 80 70 70 70 20 80 90
60 80 30 50 40 60 70 60 0 10 20 70 60 60 40 70 70 80 70 80
90 80 80 80 40 80 80 80 10 0 10 70 70 70 70 80 80 80 80 90
80 80 80 80 60 80 80 80 20 10 0 70 70 70 70 70 80 80 80 90
80 80 80 10 60 40 80 30 70 70 70 0 30 30 60 50 70 20 80 90
80 80 60 30 60 70 80 80 60 70 70 30 0 10 60 70 80 80 80 90
80 90 40 30 60 70 70 80 60 70 70 30 10 0 60 70 80 80 80 90
50 90 30 60 40 60 70 70 40 70 70 60 60 60 0 60 80 80 80 90
40 90 40 40 60 70 80 70 70 80 70 50 70 70 60 0 20 80 60 90
50 80 30 60 60 70 60 70 70 80 80 70 80 80 80 20 0 70 40 80
20 60 90 20 30 20 40 20 80 80 80 20 80 80 80 80 70 0 80 90
80 20 80 50 70 80 90 80 70 80 80 80 80 80 80 60 40 80 0 30
90 10 90 90 90 90 90 90 80 90 90 90 90 90 90 90 80 90 30 0
